1 549807 1156302 800749 194252 8.0 26.0
2 450642 1057149 810049 203558 8.0 25.0
3 454656 1061143 819542 213038 8.0 24.5
4 438328 1044819 819927 213429 8.0 23.5
5 464456 1070966 778576 172066 8.0 23.0
6 480707 1087218 817453 210962 8.5 24.0
7 495847 1102313 805720 199232 9.0 24.0
8 447652 1054162 793672 187180 9.0 25.0
9 493011 1099489 783970 177471 9.0 27.5
10 502634 1109158 767029 160535 9.0 28.0
11 498849 1105344 779892 173362 9.0 26.5
12 525868 1132348 788901 182401 9.0 25.0
13 574062 1180581 768056 161549 12.0 24.0
14 529433 1135930 766602 160102 12.0 23.0
15 513090 1119582 769041 162542 12.0 22.5
16 532205 1138716 841303 234805 12.0 22.0